0000100000000000000000000000000000000000
0000111000000000000000000000000000000000
0000001000000000000000000000000000000000
0000001111110000000000000000000000000000
0000000000010000000000000000000000000000
0000000000010000000000000000000000000000
0000000000001000000000000000000000000000
0000000000000000000000000000000000000000
0000000000000000000000000000000000000000
0000000000000000000000000000000000000000
0000000000000000000000000000000000000000
0000000000000000000000000000000000000000
0000000000000000000000000000000000000000
0000000000000000000000000000000000000000
0000000000000000000000000000000000000000
0000000000000000000000000000000000000000
0000000000000000000000000000000000000000
0000000000000000000000000000000000000000
0000000000000000000000000000000000000000
0000000000000000000000000000000000000000